fc1.weight
-0.384937 0.720033 -0.177933 -0.302295
0.610163 0.735749 -0.629061 -0.932946
-0.358528 -0.205986 -0.242568 -0.009806
-0.018578 -0.111359 0.783844 1.307851
-0.330085 -0.375265 -0.150182 -0.413074
0.626235 0.350412 -0.038904 -0.565999
-0.271531 -0.369666 0.381999 -0.344901
-0.330979 0.100991 -0.022991 -0.266545
0.194307 -0.671754 0.838883 0.557140
-0.153406 0.660706 -0.267942 -0.226875
fc1.bias
-0.183716
0.855970
0.151663
-0.434892
0.063414
0.269842
-0.251970
-0.450500
-0.712411
0.114290
fc2.weight
0.297409 -0.258527 -0.120228 -0.175039 -0.309688 0.197343 -0.127640 0.298844 -0.176118 -0.267166
0.088180 0.913057 0.043425 -0.099627 0.078969 0.460986 0.253020 0.107834 -0.813386 0.732520
-0.442862 -0.063122 0.048189 0.495378 0.243161 0.153428 0.267500 0.038455 0.589793 -0.649039
0.207128 -0.405994 -0.077560 0.728971 0.114399 0.178037 0.298069 0.294745 0.600585 0.041320
0.205324 0.890500 0.194970 -0.269085 0.035618 0.442240 -0.198456 -0.149808 -0.525455 0.224124
0.176277 -0.072748 -0.183751 -0.083403 0.229677 0.030237 -0.096798 -0.242377 -0.205484 -0.216168
0.015106 -0.056967 -0.286802 -0.285214 0.052595 -0.001708 -0.082778 0.288644 -0.119985 -0.231144
-0.212472 -0.353438 0.287801 0.025600 0.024064 0.031543 0.013969 0.204234 0.102385 -0.043084
0.427843 0.521314 -0.177369 -0.352947 0.081166 0.449648 0.000516 -0.093444 -0.356930 0.597486
0.050886 -0.649767 -0.254596 0.375609 0.271883 -0.176607 0.156125 0.170938 0.393128 0.061074
fc2.bias
-0.138154
0.412201
0.310648
-0.420433
0.423806
-0.303167
0.006110
-0.292757
0.817525
-0.166676
fc3.weight
-0.193336 0.636248 -1.199608 -1.167793 0.490855 -0.200796 0.302928 0.065584 0.813885 -0.694286
-0.285469 0.213696 0.283794 -0.021111 0.184521 -0.025352 -0.128712 0.092946 0.288007 -0.868202
-0.080991 -1.092591 0.125563 0.713982 -0.889750 0.268918 -0.158772 0.106525 -0.933677 0.685342
fc3.bias
-0.055769
0.572930
-0.294343
